1 0.264265 0.196980 0.046528 0.065143
1 0.843556 0.228307 0.048427 0.057703
1 0.732824 0.140257 0.063694 0.074037
1 0.578126 0.284185 0.038070 0.054397
1 0.307111 0.280166 0.036292 0.061673
1 0.677433 0.265391 0.032875 0.061347
1 0.616467 0.330897 0.030057 0.056009
2 0.736434 0.372158 0.109095 0.283017
2 0.152724 0.372554 0.103279 0.324386
2 0.855114 0.408976 0.080668 0.237342
2 0.460758 0.396684 0.121417 0.327224
2 0.256553 0.395793 0.087363 0.251625
2 0.575229 0.443157 0.073412 0.196719
1 0.165798 0.141187 0.057876 0.079489
2 0.625590 0.452191 0.029143 0.141719
2 0.323653 0.433242 0.032890 0.176181
1 0.461425 0.135763 0.058963 0.074358
1 0.382173 0.362511 0.013727 0.042639
1 0.329074 0.347200 0.020434 0.036663
2 0.669061 0.417786 0.040452 0.191578
2 0.373290 0.464531 0.029252 0.125241
