1 0.272980 0.244565 0.044660 0.055272
1 0.218009 0.266704 0.075030 0.090146
2 0.221897 0.518969 0.127699 0.326196
2 0.553937 0.497916 0.092308 0.249198
2 0.946078 0.517405 0.105379 0.264392
1 0.316997 0.276526 0.057511 0.074325
2 0.749819 0.475956 0.103922 0.240437
1 0.841676 0.316424 0.041258 0.053865
2 0.075398 0.480944 0.133775 0.289029
1 0.963299 0.328546 0.052605 0.091552
2 0.442066 0.476522 0.106584 0.253204
1 0.583325 0.322306 0.067781 0.098881
1 0.149111 0.291323 0.046481 0.080205
1 0.757058 0.305884 0.055579 0.085646
1 0.015422 0.306784 0.030783 0.104128
1 0.452648 0.257830 0.023220 0.031179
1 0.664697 0.305333 0.045019 0.063748
1 0.915682 0.315774 0.043934 0.071364
1 0.723134 0.278138 0.040392 0.068599
1 0.484595 0.328746 0.043200 0.066145
1 0.526973 0.309566 0.041767 0.071823
2 0.325347 0.477326 0.099341 0.263676
1 0.884508 0.309764 0.025142 0.044484
2 0.669492 0.446192 0.085115 0.195613
1 0.086169 0.260300 0.058425 0.083543
1 0.374835 0.316080 0.049507 0.071174
1 0.618414 0.292113 0.028732 0.047095
1 0.354446 0.278932 0.026132 0.035605
1 0.635834 0.315111 0.023677 0.051756
1 0.792010 0.299531 0.037747 0.068177
1 0.051272 0.303620 0.034146 0.063732
1 0.372996 0.324385 0.070136 0.089640
2 0.838798 0.452097 0.055794 0.177376
1 0.180523 0.294782 0.022984 0.063883
1 0.431732 0.291253 0.060546 0.078810
1 0.393762 0.291264 0.029557 0.040450
2 0.890648 0.474410 0.067865 0.202374
2 0.501128 0.498970 0.039935 0.222415
1 0.816081 0.314059 0.020283 0.050668
1 0.993108 0.343123 0.013551 0.073359
