0 0.635313 0.814402 0.125887 0.292129
0 0.550605 0.509647 0.091060 0.268920
0 0.081967 0.661339 0.094736 0.309481
0 0.393166 0.859681 0.091368 0.277956
0 0.784907 0.756431 0.115960 0.294597
0 0.303235 0.267854 0.047627 0.257045
0 0.473132 0.480194 0.061398 0.253421
0 0.708829 0.456078 0.083523 0.311274
0 0.954007 0.871796 0.090951 0.254460
0 0.104260 0.921763 0.114735 0.154547
0 0.774796 0.964920 0.078122 0.068975
0 0.661880 0.983259 0.030653 0.032351
0 0.427988 0.690752 0.076344 0.309788
0 0.195661 0.630462 0.066773 0.280055
0 0.083071 0.921890 0.072198 0.154734
