0 0.454884 0.155271 0.112553 0.170604
0 0.713070 0.788459 0.148646 0.199237
0 0.470801 0.804734 0.123141 0.219520
0 0.593132 0.182499 0.121844 0.149397
0 0.813234 0.208401 0.117947 0.174088
0 0.887074 0.729800 0.159635 0.209357
0 0.208415 0.336267 0.109853 0.119445
0 0.358225 0.748142 0.166821 0.212597
0 0.599735 0.622834 0.167298 0.192036
0 0.660281 0.271648 0.121536 0.167734
0 0.859088 0.506610 0.132260 0.188575
0 0.196256 0.474999 0.134026 0.184972
0 0.447326 0.410413 0.114558 0.155099
0 0.868011 0.087774 0.140774 0.152754
0 0.899452 0.914645 0.184900 0.169560
0 0.364601 0.478782 0.150181 0.171221
0 0.224721 0.703481 0.142621 0.186208
0 0.757705 0.402423 0.122514 0.183898
0 0.573426 0.488296 0.120143 0.191781
0 0.684957 0.397780 0.059858 0.094792
0 0.678088 0.565115 0.125705 0.178771
0 0.704045 0.306611 0.045437 0.062344
0 0.950904 0.059951 0.094360 0.119616
0 0.682104 0.460212 0.100760 0.082453
0 0.978596 0.084218 0.042542 0.100605
0 0.683091 0.514501 0.105508 0.190799
