0 0.415937 0.171366 0.032977 0.096171
0 0.967691 0.072563 0.063550 0.088282
0 0.218164 0.584437 0.078040 0.055254
0 0.579474 0.541857 0.032197 0.050233
0 0.730044 0.118274 0.052988 0.091961
0 0.404930 0.332940 0.046273 0.074198
0 0.719677 0.202596 0.058107 0.084107
0 0.835984 0.054029 0.071090 0.105378
0 0.371101 0.540370 0.053952 0.057593
0 0.016209 0.706869 0.032276 0.076927
0 0.700873 0.025252 0.033734 0.049646
0 0.467737 0.573680 0.024536 0.053929
0 0.356981 0.797851 0.061153 0.087493
0 0.206017 0.381113 0.071796 0.068740
0 0.492565 0.823232 0.026736 0.070106
0 0.598098 0.828791 0.031475 0.082301
0 0.538746 0.652940 0.034068 0.050169
0 0.142301 0.253463 0.082415 0.088336
0 0.416741 0.603918 0.027567 0.041063
0 0.797134 0.360950 0.064351 0.060407
0 0.765268 0.349255 0.054463 0.062030
0 0.562717 0.686427 0.022012 0.054454
0 0.379410 0.818232 0.042731 0.100228
0 0.245579 0.812792 0.063783 0.067139
0 0.232364 0.035961 0.058082 0.071922
0 0.203300 0.919923 0.082856 0.080583
0 0.948139 0.518117 0.103168 0.068897
0 0.175656 0.187548 0.069937 0.084497
0 0.204467 0.939900 0.085111 0.119675
0 0.982798 0.094816 0.033643 0.055124
0 0.804662 0.019523 0.034989 0.038743
0 0.865907 0.238504 0.071633 0.066015
0 0.946987 0.377469 0.105699 0.066818
0 0.042341 0.083347 0.084317 0.101242
0 0.214636 0.959786 0.064192 0.080101
0 0.846939 0.306207 0.057198 0.065237
0 0.904239 0.342817 0.079804 0.061650
0 0.171357 0.045127 0.068379 0.089431
0 0.815267 0.663624 0.074473 0.047133
0 0.112975 0.033248 0.062862 0.065990
0 0.892882 0.486888 0.077628 0.043698
0 0.377521 0.982227 0.052853 0.035071
0 0.656787 0.757248 0.040256 0.066005
0 0.493349 0.812663 0.028302 0.090988
0 0.828264 0.663703 0.048342 0.046215
