0 0.782945 0.646918 0.058067 0.247096
0 0.809679 0.877567 0.071786 0.243233
0 0.396527 0.587046 0.031203 0.238647
0 0.530937 0.896719 0.084604 0.204616
0 0.207561 0.440078 0.032119 0.148664
0 0.358404 0.612375 0.042096 0.227496
0 0.717449 0.894631 0.090085 0.208521
0 0.570500 0.729433 0.055884 0.286171
0 0.248889 0.354418 0.021494 0.135647
0 0.544657 0.650622 0.033386 0.242421
0 0.032431 0.217820 0.013981 0.072930
0 0.188117 0.329129 0.018906 0.093409
0 0.951911 0.839662 0.049512 0.305627
0 0.123182 0.207019 0.012007 0.064162
0 0.951989 0.871576 0.049131 0.241735
0 0.081739 0.275520 0.018481 0.095436
0 0.067772 0.222206 0.014618 0.078661
0 0.005411 0.173003 0.009515 0.049185
0 0.188467 0.311918 0.017916 0.058714
