0 0.896456 0.553343 0.112962 0.629612
0 0.442237 0.578157 0.118327 0.593416
0 0.547199 0.621210 0.106994 0.533348
0 0.036043 0.503825 0.071596 0.495444
0 0.360947 0.387743 0.084932 0.505658
0 0.279818 0.690756 0.138288 0.616006
0 0.737386 0.654616 0.110463 0.630064
0 0.126362 0.751349 0.120399 0.494388
0 0.108644 0.604296 0.101608 0.517773
0 0.702198 0.224408 0.139724 0.388088
0 0.059176 0.246361 0.100451 0.477218
0 0.720393 0.562302 0.108411 0.647469
0 0.718804 0.444604 0.107957 0.410942
0 0.014192 0.973500 0.028223 0.051048
0 0.702356 0.339565 0.140425 0.618586
