0 0.262918 0.243057 0.129889 0.485120
0 0.107199 0.440651 0.117110 0.468827
0 0.750040 0.493558 0.105579 0.498441
0 0.268309 0.947959 0.106921 0.102881
0 0.518670 0.726126 0.149000 0.468607
0 0.038462 0.387521 0.076533 0.432220
0 0.428895 0.924215 0.117610 0.150139
0 0.621171 0.273684 0.095204 0.414891
0 0.156067 0.216862 0.108446 0.432924
0 0.853156 0.200983 0.088678 0.400774
0 0.445890 0.504905 0.107885 0.498695
0 0.960138 0.057301 0.046261 0.113391
0 0.533921 0.212876 0.110152 0.425195
0 0.375370 0.135016 0.088690 0.268007
0 0.444501 0.178020 0.108703 0.355158
0 0.740172 0.315179 0.086877 0.452442
0 0.402559 0.108411 0.048721 0.215408
0 0.753572 0.086465 0.078511 0.172367
0 0.632387 0.196479 0.075425 0.391456
0 0.995282 0.400129 0.009377 0.078845
0 0.753253 0.126042 0.078589 0.250860
