0 0.388213 0.403864 0.134388 0.514362
0 0.052689 0.800503 0.105375 0.398073
0 0.629720 0.246289 0.110894 0.492578
0 0.271889 0.175235 0.118131 0.350265
0 0.290069 0.943410 0.073572 0.113060
0 0.884483 0.456879 0.092655 0.532807
0 0.983840 0.227537 0.032061 0.450510
0 0.835438 0.527015 0.129309 0.557072
0 0.174848 0.060667 0.046252 0.121160
0 0.388220 0.098449 0.085454 0.196898
0 0.558458 0.036729 0.025186 0.073459
0 0.874241 0.030249 0.023112 0.060082
0 0.693580 0.059948 0.046303 0.119377
0 0.287173 0.942898 0.141541 0.113815
0 0.493151 0.027721 0.026033 0.055398
