0 0.166178 0.148644 0.055828 0.165111
0 0.468246 0.473039 0.075652 0.164615
0 0.522501 0.824576 0.079553 0.165468
0 0.853922 0.094312 0.043409 0.153134
0 0.120812 0.270913 0.055516 0.160639
0 0.104621 0.530537 0.085076 0.164968
0 0.427016 0.903713 0.042607 0.153499
0 0.386880 0.683241 0.059700 0.155196
0 0.205562 0.797788 0.063946 0.188184
0 0.984963 0.090186 0.029618 0.168185
0 0.023949 0.491596 0.047689 0.166897
0 0.127205 0.747349 0.070439 0.164311
0 0.223022 0.963609 0.049053 0.072348
0 0.852146 0.866521 0.060008 0.141733
0 0.540102 0.332166 0.082586 0.155488
0 0.017282 0.163939 0.034321 0.154890
0 0.645165 0.446971 0.058091 0.158977
0 0.014565 0.806968 0.028872 0.124197
0 0.344771 0.548738 0.071346 0.153999
0 0.805170 0.255815 0.066117 0.141623
0 0.742632 0.117276 0.076125 0.176787
0 0.068689 0.130185 0.063246 0.147299
0 0.524586 0.971471 0.044934 0.056234
0 0.399820 0.218202 0.052098 0.173671
0 0.852546 0.537934 0.075622 0.165488
0 0.878156 0.962121 0.047982 0.075034
0 0.779630 0.757606 0.065166 0.164987
0 0.291972 0.154142 0.050940 0.162124
0 0.650501 0.092578 0.043068 0.167980
0 0.933316 0.462839 0.071007 0.151544
0 0.710162 0.520148 0.048279 0.155444
0 0.690473 0.343024 0.060184 0.173349
0 0.632312 0.247164 0.065208 0.154130
0 0.759090 0.042413 0.060547 0.084417
0 0.987474 0.742909 0.024562 0.127284
0 0.560454 0.248093 0.057682 0.161352
0 0.638320 0.698791 0.057265 0.173718
0 0.665421 0.946001 0.068904 0.106688
0 0.571511 0.027704 0.068017 0.055188
0 0.673408 0.825414 0.083006 0.152824
0 0.464258 0.103699 0.064299 0.180226
0 0.520877 0.070122 0.055503 0.132468
0 0.344291 0.404595 0.048882 0.154358
0 0.967457 0.554220 0.064516 0.192862
0 0.166620 0.609229 0.047752 0.110580
0 0.523623 0.199686 0.042338 0.148712
0 0.313921 0.331918 0.043345 0.150713
0 0.733351 0.252118 0.066056 0.156166
0 0.985094 0.963801 0.029700 0.072086
0 0.733859 0.988849 0.026570 0.022031
0 0.466858 0.643091 0.079360 0.150823
0 0.172520 0.681494 0.071841 0.160682
