0 0.821130 0.275117 0.018631 0.081828
0 0.376822 0.782518 0.020540 0.082188
0 0.416672 0.306269 0.019333 0.077437
0 0.084706 0.355771 0.014640 0.064089
0 0.870542 0.368749 0.023483 0.079182
0 0.131983 0.837635 0.028016 0.091472
0 0.680565 0.283118 0.018264 0.072191
0 0.414666 0.890606 0.026538 0.096349
0 0.891049 0.978494 0.021983 0.042344
0 0.511564 0.375642 0.017926 0.077642
0 0.348987 0.934774 0.029435 0.095333
0 0.323251 0.277895 0.019134 0.074515
0 0.200414 0.728362 0.020565 0.081784
0 0.788926 0.635604 0.019706 0.081257
0 0.136160 0.128172 0.013870 0.054714
0 0.609156 0.213525 0.016944 0.061920
0 0.761793 0.402706 0.018715 0.071977
0 0.473982 0.137649 0.018849 0.067275
0 0.729860 0.177270 0.015028 0.060988
0 0.497703 0.975543 0.031910 0.047915
0 0.961702 0.257379 0.017612 0.068561
0 0.201877 0.186951 0.021365 0.071712
0 0.932417 0.266986 0.019497 0.061554
0 0.384612 0.207141 0.014972 0.068888
0 0.927832 0.855051 0.027734 0.101747
0 0.101549 0.586216 0.016670 0.073583
0 0.644393 0.712212 0.017103 0.084102
0 0.853522 0.042657 0.013024 0.058395
0 0.550495 0.440944 0.020112 0.070712
0 0.638328 0.191322 0.017420 0.065917
0 0.167328 0.294755 0.017074 0.068733
0 0.190377 0.429354 0.018294 0.076659
0 0.206632 0.311203 0.016913 0.065339
0 0.727195 0.514907 0.014515 0.076750
0 0.813248 0.655386 0.022707 0.081753
0 0.874754 0.563768 0.020121 0.080827
0 0.424167 0.548594 0.016864 0.082733
0 0.774983 0.040402 0.016454 0.054791
0 0.296371 0.278738 0.019916 0.072720
0 0.532094 0.690704 0.018279 0.075658
0 0.349624 0.383641 0.020649 0.066637
0 0.323196 0.174256 0.014732 0.064519
0 0.148185 0.310614 0.015294 0.066438
0 0.434642 0.981090 0.023032 0.036872
0 0.293258 0.701416 0.021936 0.084522
0 0.269261 0.712369 0.021871 0.080672
0 0.431288 0.056663 0.022249 0.065956
0 0.281521 0.129907 0.014709 0.064523
0 0.166149 0.038035 0.017741 0.060306
0 0.299661 0.122444 0.016484 0.060755
0 0.905833 0.842295 0.019264 0.082629
0 0.183171 0.023851 0.013263 0.047149
0 0.386912 0.437701 0.021305 0.069542
0 0.667816 0.027190 0.014089 0.053936
0 0.682160 0.029616 0.011437 0.049337
0 0.715517 0.941538 0.030873 0.100528
0 0.117480 0.722834 0.022652 0.079272
0 0.644790 0.412573 0.012887 0.070257
0 0.366078 0.438394 0.020188 0.070926
