0 0.202191 0.750757 0.073577 0.265505
0 0.724988 0.820304 0.061513 0.243956
0 0.700326 0.545062 0.059569 0.213038
0 0.484096 0.925510 0.054573 0.146769
0 0.093768 0.162390 0.060598 0.198875
0 0.562660 0.794213 0.052217 0.236498
0 0.614652 0.604510 0.067296 0.237687
0 0.580310 0.472180 0.060407 0.171963
0 0.268828 0.499652 0.051512 0.212142
0 0.465660 0.730625 0.056463 0.208983
0 0.483292 0.538848 0.059192 0.227144
0 0.545514 0.289219 0.049209 0.184708
0 0.144580 0.630891 0.056065 0.261824
0 0.037538 0.423626 0.048445 0.226968
0 0.334958 0.471168 0.034583 0.108071
0 0.234118 0.429458 0.047676 0.165066
0 0.352504 0.320458 0.036264 0.157311
0 0.358876 0.672529 0.050643 0.230238
0 0.080991 0.706059 0.057168 0.247312
0 0.145839 0.485887 0.054700 0.158004
0 0.410041 0.674013 0.057268 0.260735
0 0.281532 0.865294 0.044074 0.141788
0 0.281712 0.879048 0.045323 0.169753
0 0.416608 0.502580 0.053219 0.175494
0 0.144505 0.523651 0.057227 0.233720
0 0.082739 0.513432 0.065690 0.196521
0 0.098330 0.162105 0.070480 0.200251
0 0.359754 0.320540 0.050803 0.158493
