0 0.669889 0.069666 0.067905 0.138268
0 0.714915 0.694785 0.063118 0.229684
0 0.471161 0.935355 0.092914 0.128091
0 0.372159 0.967195 0.041527 0.064783
0 0.578002 0.779035 0.056262 0.221360
0 0.412846 0.442633 0.054153 0.207722
0 0.709863 0.849942 0.052521 0.150447
0 0.500705 0.803844 0.077548 0.194972
0 0.378303 0.063411 0.063306 0.125866
0 0.610295 0.984610 0.022515 0.029813
0 0.196292 0.389007 0.038376 0.161410
0 0.433615 0.633003 0.063408 0.168792
0 0.455264 0.484704 0.055346 0.171268
0 0.491430 0.670556 0.062283 0.269205
0 0.626624 0.686134 0.044192 0.179754
0 0.709797 0.886442 0.052967 0.224171
0 0.636859 0.651392 0.063924 0.246029
0 0.386019 0.063392 0.078588 0.126089
0 0.615829 0.984318 0.035179 0.030229
0 0.635596 0.613423 0.060388 0.169303
0 0.436004 0.611246 0.068455 0.223266
0 0.202988 0.415819 0.053091 0.217453
0 0.198150 0.392865 0.060232 0.171117
