0 0.740830 0.776048 0.206189 0.251963
0 0.183831 0.817293 0.215074 0.270698
1 0.924149 0.443902 0.151703 0.316817
1 0.956835 0.704968 0.086261 0.500795
0 0.267580 0.598211 0.190319 0.222895
0 0.326555 0.417836 0.146748 0.224845
0 0.703005 0.489784 0.155948 0.228105
0 0.377039 0.297227 0.134460 0.198896
1 0.156527 0.319579 0.157395 0.264497
0 0.016758 0.315513 0.033482 0.196126
0 0.665194 0.391212 0.126555 0.166725
0 0.849363 0.332580 0.105318 0.160267
0 0.244713 0.292505 0.051143 0.138458
0 0.032864 0.264578 0.065729 0.146479
0 0.789890 0.244212 0.100067 0.135106
0 0.251487 0.240011 0.073304 0.107827
0 0.681070 0.293749 0.107456 0.118367
