0 0.691163 0.782338 0.118175 0.135682
0 0.651408 0.603809 0.086374 0.102866
0 0.781783 0.511668 0.067729 0.089282
0 0.890430 0.273953 0.039993 0.041836
0 0.284707 0.683483 0.097424 0.122464
0 0.717659 0.942361 0.142522 0.114195
0 0.376698 0.366597 0.045186 0.054855
0 0.627234 0.455106 0.065088 0.073589
0 0.981101 0.950427 0.037102 0.097967
0 0.660424 0.358512 0.048744 0.056172
0 0.362591 0.511344 0.075360 0.103089
0 0.517646 0.291422 0.035011 0.044304
0 0.449339 0.203147 0.024706 0.033340
0 0.615460 0.312793 0.039051 0.050469
0 0.307140 0.219155 0.030910 0.038356
0 0.574487 0.367974 0.049891 0.056820
0 0.306627 0.607204 0.086403 0.094559
0 0.603272 0.397892 0.058054 0.075701
0 0.716077 0.390491 0.060163 0.079810
0 0.352140 0.214178 0.031354 0.033514
0 0.783254 0.221109 0.033763 0.038048
0 0.381137 0.228218 0.030758 0.037852
0 0.338893 0.450704 0.064496 0.093066
0 0.431686 0.290488 0.018252 0.039583
0 0.285305 0.200286 0.028183 0.033185
0 0.535213 0.244083 0.036358 0.047768
0 0.381609 0.178611 0.021029 0.025663
0 0.351545 0.161277 0.026154 0.029138
0 0.344090 0.180393 0.026161 0.027115
0 0.685103 0.177000 0.027511 0.024883
0 0.338222 0.254591 0.028829 0.040430
0 0.352985 0.279325 0.028927 0.050794
0 0.243907 0.176515 0.025597 0.034858
0 0.399011 0.181700 0.025569 0.031115
0 0.513547 0.237758 0.021094 0.033808
0 0.271253 0.169852 0.024968 0.024800
0 0.319961 0.169464 0.023275 0.025097
0 0.421340 0.181272 0.022299 0.023889
0 0.297144 0.177623 0.021635 0.028680
0 0.470258 0.354608 0.053429 0.054241
0 0.319889 0.169391 0.023339 0.025385
0 0.348656 0.268307 0.036419 0.041363
