1 0.740164 0.606416 0.124283 0.197036
0 0.561203 0.661990 0.056957 0.070898
0 0.755866 0.738580 0.166126 0.196631
0 0.879784 0.721953 0.095279 0.126584
1 0.631577 0.606163 0.065052 0.115866
0 0.488922 0.550844 0.016352 0.027447
0 0.415989 0.564746 0.015853 0.021286
0 0.350910 0.607247 0.021863 0.025881
0 0.508531 0.509454 0.010687 0.018176
0 0.392402 0.575446 0.016406 0.020187
0 0.365307 0.587962 0.026301 0.036796
1 0.534969 0.511231 0.016713 0.037089
0 0.488811 0.555269 0.014993 0.017978
0 0.517882 0.556359 0.015787 0.029997
1 0.403630 0.507368 0.017430 0.036844
1 0.138065 0.580171 0.181523 0.101232
1 0.569250 0.575470 0.034317 0.072065
0 0.517722 0.562628 0.016109 0.018047
