2 0.913036 0.146877 0.145905 0.102202
3 0.365426 0.192519 0.039470 0.041238
0 0.613057 0.626951 0.139294 0.082730
0 0.468744 0.567821 0.126802 0.079395
0 0.285924 0.523944 0.134740 0.084745
0 0.619791 0.448005 0.116805 0.069610
0 0.471207 0.793547 0.152371 0.119418
0 0.886647 0.835618 0.153374 0.087010
0 0.450691 0.257491 0.096723 0.059286
0 0.831206 0.502781 0.123917 0.068029
0 0.933009 0.725041 0.133377 0.078170
0 0.672761 0.123116 0.071091 0.045537
0 0.785312 0.120079 0.075604 0.039638
0 0.515465 0.087063 0.076124 0.039360
1 0.919318 0.316290 0.120623 0.098350
0 0.445792 0.107543 0.068964 0.037916
0 0.869901 0.259480 0.093351 0.054054
0 0.506650 0.136264 0.081149 0.048197
0 0.773247 0.375571 0.101841 0.067830
0 0.436483 0.214618 0.091145 0.053319
0 0.729574 0.274462 0.095334 0.060518
0 0.920285 0.043207 0.062337 0.035302
0 0.826136 0.192227 0.083676 0.046624
0 0.699448 0.207189 0.081608 0.047574
0 0.690616 0.176263 0.091558 0.052915
0 0.761201 0.334739 0.106925 0.057721
0 0.774407 0.055934 0.071107 0.036322
0 0.560181 0.153273 0.079002 0.038174
0 0.808337 0.216730 0.082571 0.052419
0 0.840585 0.015002 0.057013 0.029827
0 0.902338 0.026626 0.064328 0.033040
0 0.804855 0.037221 0.057422 0.035983
0 0.785817 0.020226 0.065216 0.036398
0 0.580383 0.221260 0.079972 0.050531
0 0.721937 0.244508 0.084838 0.042439
0 0.575744 0.199437 0.091392 0.054771
0 0.757552 0.009605 0.065020 0.019211
1 0.973072 0.086846 0.053529 0.036974
0 0.561314 0.180937 0.079004 0.044360
