1 0.465963 0.604936 0.053612 0.100248
0 0.677161 0.773572 0.087000 0.094559
0 0.541315 0.643195 0.041382 0.047896
1 0.480587 0.541361 0.030691 0.063440
0 0.407796 0.793930 0.087424 0.134730
0 0.520148 0.574646 0.029916 0.037443
0 0.695483 0.575724 0.024308 0.021496
0 0.555521 0.553488 0.025621 0.027000
0 0.515617 0.531242 0.018388 0.020169
0 0.533603 0.499025 0.013876 0.016099
0 0.544102 0.516210 0.020643 0.019182
1 0.501855 0.440365 0.017081 0.020568
0 0.886834 0.715239 0.070133 0.050808
0 0.488431 0.491187 0.012923 0.016048
