1 0.670841 0.539562 0.066029 0.140045
1 0.048875 0.540063 0.097558 0.175485
0 0.229412 0.654714 0.166229 0.184181
0 0.361476 0.565820 0.042308 0.046632
1 0.393985 0.519202 0.052653 0.065758
0 0.444169 0.543515 0.023032 0.034234
1 0.627063 0.515457 0.026563 0.060933
0 0.587960 0.527556 0.023471 0.027656
0 0.586720 0.610976 0.092442 0.140833
0 0.549680 0.588229 0.057544 0.104183
1 0.409289 0.515310 0.021800 0.057268
0 0.469688 0.536363 0.019785 0.023201
1 0.214743 0.550033 0.038017 0.032646
1 0.384955 0.520036 0.034098 0.064366
0 0.529149 0.480876 0.012197 0.012497
