0 0.351765 0.545428 0.095977 0.089966
0 0.202429 0.515798 0.073849 0.096777
0 0.669469 0.176047 0.084327 0.140731
0 0.319282 0.711056 0.095710 0.088759
0 0.297726 0.941722 0.093699 0.094739
0 0.676673 0.403503 0.091607 0.088640
0 0.494213 0.765406 0.094702 0.080910
0 0.059952 0.687115 0.093654 0.076764
0 0.539533 0.386682 0.079560 0.137374
0 0.773182 0.810719 0.095477 0.084857
0 0.762641 0.296922 0.095365 0.102206
0 0.111077 0.571096 0.095837 0.116430
0 0.036702 0.584640 0.073095 0.101860
0 0.130396 0.929636 0.095579 0.082690
0 0.194343 0.661760 0.086523 0.074283
0 0.786312 0.420983 0.090441 0.085812
0 0.855884 0.693126 0.089505 0.078592
0 0.905397 0.437408 0.095143 0.062174
0 0.564985 0.249070 0.069991 0.150213
0 0.887616 0.337003 0.097762 0.075129
0 0.863317 0.237434 0.089003 0.067059
0 0.479693 0.194835 0.046420 0.163931
3 0.295342 0.208751 0.015797 0.026451
0 0.236601 0.809681 0.087070 0.082972
3 0.071547 0.139367 0.023898 0.036188
0 0.973452 0.333923 0.052776 0.070369
0 0.879318 0.030338 0.130592 0.060017
0 0.782832 0.928961 0.100354 0.135151
0 0.310696 0.147942 0.018733 0.036022
3 0.174038 0.334166 0.025448 0.036054
